20180217 000000 70.000000 -20.000000 0.000 VE000001 
20180217 000000 100.000000 -20.000000 0.000 VE000002 
20180217 000000 220.000000 -20.000000 0.000 VE000003 
20180217 000000 340.000000 -20.000000 0.000 VE000004 
20180217 010000 70.034426 -19.982787 0.000 VE000001 
20180217 010000 99.965574 -19.982787 0.000 VE000002 
20180217 010000 220.017234 -20.034467 0.000 VE000003 
20180217 010000 340.017213 -19.965574 0.000 VE000004 
20180217 020000 70.068852 -19.965574 0.000 VE000001 
20180217 020000 99.931148 -19.965574 0.000 VE000002 
20180217 020000 220.034474 -20.068948 0.000 VE000003 
20180217 020000 340.034426 -19.931148 0.000 VE000004 
20180217 030000 70.103278 -19.948361 0.000 VE000001 
20180217 030000 99.896722 -19.948361 0.000 VE000002 
20180217 030000 220.051714 -20.103429 0.000 VE000003 
20180217 030000 340.051639 -19.896722 0.000 VE000004 
20180217 040000 70.137704 -19.931148 0.000 VE000001 
20180217 040000 99.862296 -19.931148 0.000 VE000002 
20180217 040000 220.068955 -20.137910 0.000 VE000003 
20180217 040000 340.068852 -19.862296 0.000 VE000004 
20180217 050000 70.172131 -19.913935 0.000 VE000001 
20180217 050000 99.827869 -19.913935 0.000 VE000002 
20180217 050000 220.086195 -20.172390 0.000 VE000003 
20180217 050000 340.086065 -19.827869 0.000 VE000004 
20180217 060000 70.206557 -19.896722 0.000 VE000001 
20180217 060000 99.793443 -19.896722 0.000 VE000002 
20180217 060000 220.103436 -20.206871 0.000 VE000003 
20180217 060000 340.103278 -19.793443 0.000 VE000004 
20180217 070000 70.240983 -19.879509 0.000 VE000001 
20180217 070000 99.759017 -19.879509 0.000 VE000002 
20180217 070000 220.120676 -20.241352 0.000 VE000003 
20180217 070000 340.120491 -19.759017 0.000 VE000004 
20180217 080000 70.275409 -19.862296 0.000 VE000001 
20180217 080000 99.724591 -19.862296 0.000 VE000002 
20180217 080000 220.137930 -20.275861 0.000 VE000003 
20180217 080000 340.137691 -19.724618 0.000 VE000004 
20180217 090000 70.309835 -19.845082 0.000 VE000001 
20180217 090000 99.690165 -19.845082 0.000 VE000002 
20180217 090000 220.155199 -20.310397 0.000 VE000003 
20180217 090000 340.154877 -19.690246 0.000 VE000004 
20180217 100000 70.344261 -19.827869 0.000 VE000001 
20180217 100000 99.655739 -19.827869 0.000 VE000002 
20180217 100000 220.172467 -20.344934 0.000 VE000003 
20180217 100000 340.172063 -19.655874 0.000 VE000004 
20180217 110000 70.378687 -19.810656 0.000 VE000001 
20180217 110000 99.621313 -19.810656 0.000 VE000002 
20180217 110000 220.189735 -20.379470 0.000 VE000003 
20180217 110000 340.189249 -19.621501 0.000 VE000004 
20180217 120000 70.413113 -19.793443 0.000 VE000001 
20180217 120000 99.586887 -19.793443 0.000 VE000002 
20180217 120000 220.207003 -20.414006 0.000 VE000003 
20180217 120000 340.206435 -19.587129 0.000 VE000004 
20180217 130000 70.447540 -19.776230 0.000 VE000001 
20180217 130000 99.552460 -19.776230 0.000 VE000002 
20180217 130000 220.224271 -20.448543 0.000 VE000003 
20180217 130000 340.223622 -19.552757 0.000 VE000004 
20180217 140000 70.481966 -19.759017 0.000 VE000001 
20180217 140000 99.518034 -19.759017 0.000 VE000002 
20180217 140000 220.241540 -20.483079 0.000 VE000003 
20180217 140000 340.240808 -19.518385 0.000 VE000004 
20180217 150000 70.516378 -19.741811 0.000 VE000001 
20180217 150000 99.483622 -19.741811 0.000 VE000002 
20180217 150000 220.258822 -20.517644 0.000 VE000003 
20180217 150000 340.257987 -19.484026 0.000 VE000004 
20180217 160000 70.550750 -19.724625 0.000 VE000001 
20180217 160000 99.449250 -19.724625 0.000 VE000002 
20180217 160000 220.276118 -20.552236 0.000 VE000003 
20180217 160000 340.275147 -19.449707 0.000 VE000004 
20180217 170000 70.585123 -19.707439 0.000 VE000001 
20180217 170000 99.414877 -19.707439 0.000 VE000002 
20180217 170000 220.293415 -20.586829 0.000 VE000003 
20180217 170000 340.292306 -19.415387 0.000 VE000004 
20180217 180000 70.619495 -19.690253 0.000 VE000001 
20180217 180000 99.380505 -19.690253 0.000 VE000002 
20180217 180000 220.310711 -20.621422 0.000 VE000003 
20180217 180000 340.309466 -19.381068 0.000 VE000004 
20180217 190000 70.653867 -19.673066 0.000 VE000001 
20180217 190000 99.346133 -19.673066 0.000 VE000002 
20180217 190000 220.328007 -20.656015 0.000 VE000003 
20180217 190000 340.326625 -19.346749 0.000 VE000004 
20180217 200000 70.688239 -19.655880 0.000 VE000001 
20180217 200000 99.311761 -19.655880 0.000 VE000002 
20180217 200000 220.345304 -20.690607 0.000 VE000003 
20180217 200000 340.343785 -19.312430 0.000 VE000004 
20180217 210000 70.722612 -19.638694 0.000 VE000001 
20180217 210000 99.277388 -19.638694 0.000 VE000002 
20180217 210000 220.362600 -20.725200 0.000 VE000003 
20180217 210000 340.360945 -19.278111 0.000 VE000004 
20180217 220000 70.756984 -19.621508 0.000 VE000001 
20180217 220000 99.243016 -19.621508 0.000 VE000002 
20180217 220000 220.379904 -20.759807 0.000 VE000003 
20180217 220000 340.378104 -19.243792 0.000 VE000004 
20180217 230000 70.791356 -19.604322 0.000 VE000001 
20180217 230000 99.208644 -19.604322 0.000 VE000002 
20180217 230000 220.397229 -20.794457 0.000 VE000003 
20180217 230000 340.395238 -19.209525 0.000 VE000004 
20180218 000000 70.825728 -19.587136 0.000 VE000001 
20180218 000000 99.174272 -19.587136 0.000 VE000002 
20180218 000000 220.414554 -20.829107 0.000 VE000003 
20180218 000000 340.412371 -19.175258 0.000 VE000004 
20180218 010000 70.860101 -19.569950 0.000 VE000001 
20180218 010000 99.139899 -19.569950 0.000 VE000002 
20180218 010000 220.431879 -20.863757 0.000 VE000003 
20180218 010000 340.429505 -19.140991 0.000 VE000004 
20180218 020000 70.894473 -19.552764 0.000 VE000001 
20180218 020000 99.105527 -19.552764 0.000 VE000002 
20180218 020000 220.449204 -20.898407 0.000 VE000003 
20180218 020000 340.446638 -19.106724 0.000 VE000004 
20180218 030000 70.928845 -19.535578 0.000 VE000001 
20180218 030000 99.071155 -19.535578 0.000 VE000002 
20180218 030000 220.466529 -20.933057 0.000 VE000003 
20180218 030000 340.463771 -19.072457 0.000 VE000004 
20180218 040000 70.963217 -19.518391 0.000 VE000001 
20180218 040000 99.036783 -19.518391 0.000 VE000002 
20180218 040000 220.483854 -20.967707 0.000 VE000003 
20180218 040000 340.480905 -19.038190 0.000 VE000004 
20180218 050000 70.997589 -19.501205 0.000 VE000001 
20180218 050000 99.002411 -19.501205 0.000 VE000002 
20180218 050000 220.501179 -21.002357 0.000 VE000003 
20180218 050000 340.498038 -19.003923 0.000 VE000004 
20180218 060000 71.031922 -19.484039 0.000 VE000001 
20180218 060000 98.968078 -19.484039 0.000 VE000002 
20180218 060000 220.518533 -21.037065 0.000 VE000003 
20180218 060000 340.515153 -18.969695 0.000 VE000004 
20180218 070000 71.066241 -19.466879 0.000 VE000001 
20180218 070000 98.933759 -19.466879 0.000 VE000002 
20180218 070000 220.535887 -21.071774 0.000 VE000003 
20180218 070000 340.532260 -18.935479 0.000 VE000004 
20180218 080000 71.100560 -19.449720 0.000 VE000001 
20180218 080000 98.899440 -19.449720 0.000 VE000002 
20180218 080000 220.553241 -21.106482 0.000 VE000003 
20180218 080000 340.549368 -18.901264 0.000 VE000004 
20180218 090000 71.134879 -19.432560 0.000 VE000001 
20180218 090000 98.865121 -19.432560 0.000 VE000002 
20180218 090000 220.570595 -21.141190 0.000 VE000003 
20180218 090000 340.566476 -18.867049 0.000 VE000004 
20180218 100000 71.169198 -19.415401 0.000 VE000001 
20180218 100000 98.830802 -19.415401 0.000 VE000002 
20180218 100000 220.587949 -21.175898 0.000 VE000003 
20180218 100000 340.583583 -18.832833 0.000 VE000004 
20180218 110000 71.203518 -19.398241 0.000 VE000001 
20180218 110000 98.796482 -19.398241 0.000 VE000002 
20180218 110000 220.605303 -21.210606 0.000 VE000003 
20180218 110000 340.600691 -18.798618 0.000 VE000004 
20180218 120000 71.237837 -19.381082 0.000 VE000001 
20180218 120000 98.762163 -19.381082 0.000 VE000002 
20180218 120000 220.622657 -21.245314 0.000 VE000003 
20180218 120000 340.617799 -18.764402 0.000 VE000004 
20180218 130000 71.272156 -19.363922 0.000 VE000001 
20180218 130000 98.727844 -19.363922 0.000 VE000002 
20180218 130000 220.640033 -21.280066 0.000 VE000003 
20180218 130000 340.634894 -18.730212 0.000 VE000004 
20180218 140000 71.306475 -19.346762 0.000 VE000001 
20180218 140000 98.693525 -19.346762 0.000 VE000002 
20180218 140000 220.657417 -21.314833 0.000 VE000003 
20180218 140000 340.651976 -18.696047 0.000 VE000004 
20180218 150000 71.340794 -19.329603 0.000 VE000001 
20180218 150000 98.659206 -19.329603 0.000 VE000002 
20180218 150000 220.674800 -21.349600 0.000 VE000003 
20180218 150000 340.669059 -18.661882 0.000 VE000004 
20180218 160000 71.375113 -19.312443 0.000 VE000001 
20180218 160000 98.624887 -19.312443 0.000 VE000002 
20180218 160000 220.692184 -21.384367 0.000 VE000003 
20180218 160000 340.686141 -18.627718 0.000 VE000004 
20180218 170000 71.409433 -19.295284 0.000 VE000001 
20180218 170000 98.590567 -19.295284 0.000 VE000002 
20180218 170000 220.709567 -21.419134 0.000 VE000003 
20180218 170000 340.703224 -18.593553 0.000 VE000004 
20180218 180000 71.443752 -19.278124 0.000 VE000001 
20180218 180000 98.556248 -19.278124 0.000 VE000002 
20180218 180000 220.726951 -21.453901 0.000 VE000003 
20180218 180000 340.720306 -18.559388 0.000 VE000004 
20180218 190000 71.478071 -19.260965 0.000 VE000001 
20180218 190000 98.521929 -19.260965 0.000 VE000002 
20180218 190000 220.744334 -21.488668 0.000 VE000003 
20180218 190000 340.737388 -18.525223 0.000 VE000004 
20180218 200000 71.512377 -19.243812 0.000 VE000001 
20180218 200000 98.487623 -19.243812 0.000 VE000002 
20180218 200000 220.761733 -21.523465 0.000 VE000003 
20180218 200000 340.754465 -18.491071 0.000 VE000004 
20180218 210000 71.546644 -19.226678 0.000 VE000001 
20180218 210000 98.453356 -19.226678 0.000 VE000002 
20180218 210000 220.779146 -21.558292 0.000 VE000003 
20180218 210000 340.771522 -18.456956 0.000 VE000004 
20180218 220000 71.580911 -19.209545 0.000 VE000001 
20180218 220000 98.419089 -19.209545 0.000 VE000002 
20180218 220000 220.796560 -21.593119 0.000 VE000003 
20180218 220000 340.788580 -18.422841 0.000 VE000004 
20180218 230000 71.615178 -19.192411 0.000 VE000001 
20180218 230000 98.384822 -19.192411 0.000 VE000002 
20180218 230000 220.813973 -21.627946 0.000 VE000003 
20180218 230000 340.805637 -18.388726 0.000 VE000004 
20180219 000000 71.649445 -19.175278 0.000 VE000001 
20180219 000000 98.350555 -19.175278 0.000 VE000002 
20180219 000000 220.831386 -21.662773 0.000 VE000003 
20180219 000000 340.822695 -18.354611 0.000 VE000004 
20180219 010000 71.683712 -19.158144 0.000 VE000001 
20180219 010000 98.316288 -19.158144 0.000 VE000002 
20180219 010000 220.848800 -21.697600 0.000 VE000003 
20180219 010000 340.839752 -18.320496 0.000 VE000004 
20180219 020000 71.717978 -19.141011 0.000 VE000001 
20180219 020000 98.282022 -19.141011 0.000 VE000002 
20180219 020000 220.866213 -21.732426 0.000 VE000003 
20180219 020000 340.856810 -18.286381 0.000 VE000004 
20180219 030000 71.752245 -19.123877 0.000 VE000001 
20180219 030000 98.247755 -19.123877 0.000 VE000002 
20180219 030000 220.883634 -21.767268 0.000 VE000003 
20180219 030000 340.873867 -18.252266 0.000 VE000004 
20180219 040000 71.786512 -19.106744 0.000 VE000001 
20180219 040000 98.213488 -19.106744 0.000 VE000002 
20180219 040000 220.901078 -21.802156 0.000 VE000003 
20180219 040000 340.890906 -18.218188 0.000 VE000004 
20180219 050000 71.820779 -19.089610 0.000 VE000001 
20180219 050000 98.179221 -19.089610 0.000 VE000002 
20180219 050000 220.918522 -21.837043 0.000 VE000003 
20180219 050000 340.907939 -18.184122 0.000 VE000004 
20180219 060000 71.855046 -19.072477 0.000 VE000001 
20180219 060000 98.144954 -19.072477 0.000 VE000002 
20180219 060000 220.935965 -21.871931 0.000 VE000003 
20180219 060000 340.924972 -18.150056 0.000 VE000004 
20180219 070000 71.889313 -19.055344 0.000 VE000001 
20180219 070000 98.110687 -19.055344 0.000 VE000002 
20180219 070000 220.953409 -21.906818 0.000 VE000003 
20180219 070000 340.942005 -18.115990 0.000 VE000004 
20180219 080000 71.923580 -19.038210 0.000 VE000001 
20180219 080000 98.076420 -19.038210 0.000 VE000002 
20180219 080000 220.970853 -21.941706 0.000 VE000003 
20180219 080000 340.959038 -18.081924 0.000 VE000004 
20180219 090000 71.957847 -19.021077 0.000 VE000001 
20180219 090000 98.042153 -19.021077 0.000 VE000002 
20180219 090000 220.988297 -21.976593 0.000 VE000003 
20180219 090000 340.976071 -18.047858 0.000 VE000004 
20180219 100000 71.992114 -19.003943 0.000 VE000001 
20180219 100000 98.007886 -19.003943 0.000 VE000002 
20180219 100000 221.005748 -22.011496 0.000 VE000003 
20180219 100000 340.993104 -18.013792 0.000 VE000004 
20180219 110000 72.026342 -18.986829 0.000 VE000001 
20180219 110000 97.973658 -18.986829 0.000 VE000002 
20180219 110000 221.023223 -22.046445 0.000 VE000003 
20180219 110000 341.010125 -17.979750 0.000 VE000004 
20180219 120000 72.060557 -18.969721 0.000 VE000001 
20180219 120000 97.939443 -18.969721 0.000 VE000002 
20180219 120000 221.040697 -22.081395 0.000 VE000003 
20180219 120000 341.027134 -17.945733 0.000 VE000004 
20180219 130000 72.094773 -18.952614 0.000 VE000001 
20180219 130000 97.905227 -18.952614 0.000 VE000002 
20180219 130000 221.058172 -22.116344 0.000 VE000003 
20180219 130000 341.044142 -17.911715 0.000 VE000004 
20180219 140000 72.128988 -18.935506 0.000 VE000001 
20180219 140000 97.871012 -18.935506 0.000 VE000002 
20180219 140000 221.075646 -22.151293 0.000 VE000003 
20180219 140000 341.061151 -17.877697 0.000 VE000004 
20180219 150000 72.163204 -18.918398 0.000 VE000001 
20180219 150000 97.836796 -18.918398 0.000 VE000002 
20180219 150000 221.093121 -22.186242 0.000 VE000003 
20180219 150000 341.078160 -17.843680 0.000 VE000004 
20180219 160000 72.197419 -18.901290 0.000 VE000001 
20180219 160000 97.802581 -18.901290 0.000 VE000002 
20180219 160000 221.110595 -22.221191 0.000 VE000003 
20180219 160000 341.095169 -17.809662 0.000 VE000004 
20180219 170000 72.231635 -18.884183 0.000 VE000001 
20180219 170000 97.768365 -18.884183 0.000 VE000002 
20180219 170000 221.128070 -22.256140 0.000 VE000003 
20180219 170000 341.112178 -17.775644 0.000 VE000004 
20180219 180000 72.265850 -18.867075 0.000 VE000001 
20180219 180000 97.734150 -18.867075 0.000 VE000002 
20180219 180000 221.145576 -22.291151 0.000 VE000003 
20180219 180000 341.129187 -17.741627 0.000 VE000004 
20180219 190000 72.300066 -18.849967 0.000 VE000001 
20180219 190000 97.699934 -18.849967 0.000 VE000002 
20180219 190000 221.163081 -22.326163 0.000 VE000003 
20180219 190000 341.146172 -17.707657 0.000 VE000004 
20180219 200000 72.334281 -18.832859 0.000 VE000001 
20180219 200000 97.665719 -18.832859 0.000 VE000002 
20180219 200000 221.180587 -22.361174 0.000 VE000003 
20180219 200000 341.163157 -17.673686 0.000 VE000004 
20180219 210000 72.368497 -18.815752 0.000 VE000001 
20180219 210000 97.631503 -18.815752 0.000 VE000002 
20180219 210000 221.198093 -22.396186 0.000 VE000003 
20180219 210000 341.180142 -17.639716 0.000 VE000004 
20180219 220000 72.402712 -18.798644 0.000 VE000001 
20180219 220000 97.597288 -18.798644 0.000 VE000002 
20180219 220000 221.215599 -22.431197 0.000 VE000003 
20180219 220000 341.197127 -17.605746 0.000 VE000004 
20180219 230000 72.436927 -18.781536 0.000 VE000001 
20180219 230000 97.563073 -18.781536 0.000 VE000002 
20180219 230000 221.233105 -22.466209 0.000 VE000003 
20180219 230000 341.214112 -17.571776 0.000 VE000004 
20180220 000000 72.471143 -18.764429 0.000 VE000001 
20180220 000000 97.528857 -18.764429 0.000 VE000002 
20180220 000000 221.250610 -22.501221 0.000 VE000003 
20180220 000000 341.231097 -17.537806 0.000 VE000004 
20180220 010000 72.471143 -18.781536 0.000 VE000001 
20180220 010000 97.528857 -18.713143 0.000 VE000002 
20180220 010000 221.303223 -22.501221 0.000 VE000003 
20180220 010000 341.214112 -17.537806 0.000 VE000004 
20180220 020000 72.471143 -18.798644 0.000 VE000001 
20180220 020000 97.528857 -18.661896 0.000 VE000002 
20180220 020000 221.355835 -22.501221 0.000 VE000003 
20180220 020000 341.197127 -17.537806 0.000 VE000004 
20180220 030000 72.471143 -18.815752 0.000 VE000001 
20180220 030000 97.528857 -18.610649 0.000 VE000002 
20180220 030000 221.408447 -22.501221 0.000 VE000003 
20180220 030000 341.180142 -17.537806 0.000 VE000004 
20180220 040000 72.471143 -18.832859 0.000 VE000001 
20180220 040000 97.528857 -18.559402 0.000 VE000002 
20180220 040000 221.461059 -22.501221 0.000 VE000003 
20180220 040000 341.163157 -17.537806 0.000 VE000004 
20180220 050000 72.471143 -18.849967 0.000 VE000001 
20180220 050000 97.528857 -18.508154 0.000 VE000002 
20180220 050000 221.513672 -22.501221 0.000 VE000003 
20180220 050000 341.146172 -17.537806 0.000 VE000004 
20180220 060000 72.471143 -18.867075 0.000 VE000001 
20180220 060000 97.528857 -18.456963 0.000 VE000002 
20180220 060000 221.566284 -22.501221 0.000 VE000003 
20180220 060000 341.129187 -17.537806 0.000 VE000004 
20180220 070000 72.471143 -18.884183 0.000 VE000001 
20180220 070000 97.528857 -18.405791 0.000 VE000002 
20180220 070000 221.618896 -22.501221 0.000 VE000003 
20180220 070000 341.112202 -17.537806 0.000 VE000004 
20180220 080000 72.471143 -18.901290 0.000 VE000001 
20180220 080000 97.528857 -18.354618 0.000 VE000002 
20180220 080000 221.671508 -22.501221 0.000 VE000003 
20180220 080000 341.095216 -17.537806 0.000 VE000004 
20180220 090000 72.471143 -18.918398 0.000 VE000001 
20180220 090000 97.528857 -18.303446 0.000 VE000002 
20180220 090000 221.724121 -22.501221 0.000 VE000003 
20180220 090000 341.078231 -17.537806 0.000 VE000004 
20180220 100000 72.471143 -18.935506 0.000 VE000001 
20180220 100000 97.528857 -18.252273 0.000 VE000002 
20180220 100000 221.776733 -22.501221 0.000 VE000003 
20180220 100000 341.061246 -17.537806 0.000 VE000004 
20180220 110000 72.471143 -18.952614 0.000 VE000001 
20180220 110000 97.528857 -18.201156 0.000 VE000002 
20180220 110000 221.829345 -22.501221 0.000 VE000003 
20180220 110000 341.044261 -17.537806 0.000 VE000004 
20180220 120000 72.471143 -18.969721 0.000 VE000001 
20180220 120000 97.528857 -18.150057 0.000 VE000002 
20180220 120000 221.881958 -22.501221 0.000 VE000003 
20180220 120000 341.027276 -17.537806 0.000 VE000004 
20180220 130000 72.471143 -18.986829 0.000 VE000001 
20180220 130000 97.528857 -18.098958 0.000 VE000002 
20180220 130000 221.934570 -22.501221 0.000 VE000003 
20180220 130000 341.010291 -17.537806 0.000 VE000004 
20180220 140000 72.471143 -19.003937 0.000 VE000001 
20180220 140000 97.528857 -18.047859 0.000 VE000002 
20180220 140000 221.987182 -22.501221 0.000 VE000003 
20180220 140000 340.993306 -17.537806 0.000 VE000004 
20180220 150000 72.471143 -19.021070 0.000 VE000001 
20180220 150000 97.528857 -17.996761 0.000 VE000002 
20180220 150000 222.039794 -22.501221 0.000 VE000003 
20180220 150000 340.976321 -17.537806 0.000 VE000004 
20180220 160000 72.471143 -19.038204 0.000 VE000001 
20180220 160000 97.528857 -17.945734 0.000 VE000002 
20180220 160000 222.092407 -22.501221 0.000 VE000003 
20180220 160000 340.959336 -17.537806 0.000 VE000004 
20180220 170000 72.471143 -19.055337 0.000 VE000001 
20180220 170000 97.528857 -17.894708 0.000 VE000002 
20180220 170000 222.145019 -22.501221 0.000 VE000003 
20180220 170000 340.942351 -17.537806 0.000 VE000004 
20180220 180000 72.471143 -19.072471 0.000 VE000001 
20180220 180000 97.528857 -17.843681 0.000 VE000002 
20180220 180000 222.197631 -22.501221 0.000 VE000003 
20180220 180000 340.925366 -17.537806 0.000 VE000004 
20180220 190000 72.471143 -19.089604 0.000 VE000001 
20180220 190000 97.528857 -17.792655 0.000 VE000002 
20180220 190000 222.250244 -22.501221 0.000 VE000003 
20180220 190000 340.908380 -17.537806 0.000 VE000004 
20180220 200000 72.471143 -19.106737 0.000 VE000001 
20180220 200000 97.528857 -17.741628 0.000 VE000002 
20180220 200000 222.302856 -22.501221 0.000 VE000003 
20180220 200000 340.891395 -17.537806 0.000 VE000004 
20180220 210000 72.471143 -19.123871 0.000 VE000001 
20180220 210000 97.528857 -17.690673 0.000 VE000002 
20180220 210000 222.355468 -22.501221 0.000 VE000003 
20180220 210000 340.874410 -17.537806 0.000 VE000004 
20180220 220000 72.471143 -19.141004 0.000 VE000001 
20180220 220000 97.528857 -17.639718 0.000 VE000002 
20180220 220000 222.408080 -22.501221 0.000 VE000003 
20180220 220000 340.857425 -17.537806 0.000 VE000004 
20180220 230000 72.471143 -19.158138 0.000 VE000001 
20180220 230000 97.528857 -17.588762 0.000 VE000002 
20180220 230000 222.460693 -22.501221 0.000 VE000003 
20180220 230000 340.840440 -17.537806 0.000 VE000004 
20180221 000000 72.471143 -19.175271 0.000 VE000001 
20180221 000000 97.528857 -17.537807 0.000 VE000002 
20180221 000000 222.513305 -22.501221 0.000 VE000003 
20180221 000000 340.823455 -17.537806 0.000 VE000004 
20180221 010000 72.471143 -19.192405 0.000 VE000001 
20180221 010000 97.528857 -17.486869 0.000 VE000002 
20180221 010000 222.565917 -22.501221 0.000 VE000003 
20180221 010000 340.806470 -17.537806 0.000 VE000004 
20180221 020000 72.471143 -19.209538 0.000 VE000001 
20180221 020000 97.528857 -17.435984 0.000 VE000002 
20180221 020000 222.618530 -22.501221 0.000 VE000003 
20180221 020000 340.789485 -17.537806 0.000 VE000004 
20180221 030000 72.471143 -19.226672 0.000 VE000001 
20180221 030000 97.528857 -17.385099 0.000 VE000002 
20180221 030000 222.671142 -22.501221 0.000 VE000003 
20180221 030000 340.772500 -17.537806 0.000 VE000004 
20180221 040000 72.471143 -19.243805 0.000 VE000001 
20180221 040000 97.528857 -17.334214 0.000 VE000002 
20180221 040000 222.723754 -22.501221 0.000 VE000003 
20180221 040000 340.755515 -17.537806 0.000 VE000004 
20180221 050000 72.471143 -19.260952 0.000 VE000001 
20180221 050000 97.528857 -17.283328 0.000 VE000002 
20180221 050000 222.776366 -22.501221 0.000 VE000003 
20180221 050000 340.738529 -17.537806 0.000 VE000004 
20180221 060000 72.471143 -19.278111 0.000 VE000001 
20180221 060000 97.528857 -17.232460 0.000 VE000002 
20180221 060000 222.828979 -22.501221 0.000 VE000003 
20180221 060000 340.721544 -17.537806 0.000 VE000004 
20180221 070000 72.471143 -19.295271 0.000 VE000001 
20180221 070000 97.528857 -17.181644 0.000 VE000002 
20180221 070000 222.881591 -22.501221 0.000 VE000003 
20180221 070000 340.704559 -17.537806 0.000 VE000004 
20180221 080000 72.471143 -19.312430 0.000 VE000001 
20180221 080000 97.528857 -17.130828 0.000 VE000002 
20180221 080000 222.934203 -22.501221 0.000 VE000003 
20180221 080000 340.687574 -17.537806 0.000 VE000004 
20180221 090000 72.471143 -19.329590 0.000 VE000001 
20180221 090000 97.528857 -17.080011 0.000 VE000002 
20180221 090000 222.986815 -22.501221 0.000 VE000003 
20180221 090000 340.670589 -17.537806 0.000 VE000004 
20180221 100000 72.471143 -19.346749 0.000 VE000001 
20180221 100000 97.528857 -17.029195 0.000 VE000002 
20180221 100000 223.039428 -22.501221 0.000 VE000003 
20180221 100000 340.653604 -17.537806 0.000 VE000004 
20180221 110000 72.471143 -19.363909 0.000 VE000001 
20180221 110000 97.528857 -16.978396 0.000 VE000002 
20180221 110000 223.092040 -22.501221 0.000 VE000003 
20180221 110000 340.636619 -17.537806 0.000 VE000004 
20180221 120000 72.471143 -19.381069 0.000 VE000001 
20180221 120000 97.528857 -16.927647 0.000 VE000002 
20180221 120000 223.144652 -22.501221 0.000 VE000003 
20180221 120000 340.619634 -17.537806 0.000 VE000004 
20180221 130000 72.471143 -19.398228 0.000 VE000001 
20180221 130000 97.528857 -16.876898 0.000 VE000002 
20180221 130000 223.197265 -22.501221 0.000 VE000003 
20180221 130000 340.602649 -17.537806 0.000 VE000004 
20180221 140000 72.471143 -19.415388 0.000 VE000001 
20180221 140000 97.528857 -16.826150 0.000 VE000002 
20180221 140000 223.249877 -22.501221 0.000 VE000003 
20180221 140000 340.585664 -17.537806 0.000 VE000004 
20180221 150000 72.471143 -19.432547 0.000 VE000001 
20180221 150000 97.528857 -16.775401 0.000 VE000002 
20180221 150000 223.302489 -22.501221 0.000 VE000003 
20180221 150000 340.568679 -17.537806 0.000 VE000004 
20180221 160000 72.471143 -19.449707 0.000 VE000001 
20180221 160000 97.528857 -16.724669 0.000 VE000002 
20180221 160000 223.355101 -22.501221 0.000 VE000003 
20180221 160000 340.551693 -17.537806 0.000 VE000004 
20180221 170000 72.471143 -19.466867 0.000 VE000001 
20180221 170000 97.528857 -16.673987 0.000 VE000002 
20180221 170000 223.407714 -22.501221 0.000 VE000003 
20180221 170000 340.534708 -17.537806 0.000 VE000004 
20180221 180000 72.471143 -19.484026 0.000 VE000001 
20180221 180000 97.528857 -16.623305 0.000 VE000002 
20180221 180000 223.460326 -22.501221 0.000 VE000003 
20180221 180000 340.517723 -17.537806 0.000 VE000004 
20180221 190000 72.471143 -19.501186 0.000 VE000001 
20180221 190000 97.528857 -16.572623 0.000 VE000002 
20180221 190000 223.512938 -22.501221 0.000 VE000003 
20180221 190000 340.500738 -17.537806 0.000 VE000004 
20180221 200000 72.471143 -19.518372 0.000 VE000001 
20180221 200000 97.528857 -16.521941 0.000 VE000002 
20180221 200000 223.565551 -22.501221 0.000 VE000003 
20180221 200000 340.483753 -17.537806 0.000 VE000004 
20180221 210000 72.471143 -19.535558 0.000 VE000001 
20180221 210000 97.528857 -16.471292 0.000 VE000002 
20180221 210000 223.618163 -22.501221 0.000 VE000003 
20180221 210000 340.466768 -17.537806 0.000 VE000004 
20180221 220000 72.471143 -19.552744 0.000 VE000001 
20180221 220000 97.528857 -16.420676 0.000 VE000002 
20180221 220000 223.670775 -22.501221 0.000 VE000003 
20180221 220000 340.449783 -17.537806 0.000 VE000004 
20180221 230000 72.471143 -19.569930 0.000 VE000001 
20180221 230000 97.528857 -16.370059 0.000 VE000002 
20180221 230000 223.723387 -22.501221 0.000 VE000003 
20180221 230000 340.432798 -17.537806 0.000 VE000004 
