20180217 000000 70.000000 -20.000000 0.000 VE000001 
20180217 000000 100.000000 -20.000000 0.000 VE000002 
20180217 000000 220.000000 -20.000000 0.000 VE000003 
20180217 000000 340.000000 -20.000000 0.000 VE000004 
20180217 000000 90.500000 -20.000000 0.000 VE000005 
20180217 010000 70.034426 -20.000000 0.000 VE000001 
20180217 010000 99.965574 -20.000000 0.000 VE000002 
20180217 010000 220.000000 -20.034467 0.000 VE000003 
20180217 010000 340.000000 -19.965574 0.000 VE000004 
20180217 010000 90.465574 -20.000000 0.000 VE000005 
20180217 020000 70.068852 -20.000000 0.000 VE000001 
20180217 020000 99.931148 -20.000000 0.000 VE000002 
20180217 020000 220.000000 -20.068948 0.000 VE000003 
20180217 020000 340.000000 -19.931148 0.000 VE000004 
20180217 020000 90.431148 -20.000000 0.000 VE000005 
20180217 030000 70.103278 -20.000000 0.000 VE000001 
20180217 030000 99.896722 -20.000000 0.000 VE000002 
20180217 030000 220.000000 -20.103429 0.000 VE000003 
20180217 030000 340.000000 -19.896722 0.000 VE000004 
20180217 030000 90.396722 -20.000000 0.000 VE000005 
20180217 040000 70.137704 -20.000000 0.000 VE000001 
20180217 040000 99.862296 -20.000000 0.000 VE000002 
20180217 040000 220.000000 -20.137910 0.000 VE000003 
20180217 040000 340.000000 -19.862296 0.000 VE000004 
20180217 040000 90.362296 -20.000000 0.000 VE000005 
20180217 050000 70.172131 -20.000000 0.000 VE000001 
20180217 050000 99.827869 -20.000000 0.000 VE000002 
20180217 050000 220.000000 -20.172390 0.000 VE000003 
20180217 050000 340.000000 -19.827869 0.000 VE000004 
20180217 050000 90.327869 -20.000000 0.000 VE000005 
20180217 060000 70.206557 -20.000000 0.000 VE000001 
20180217 060000 99.793443 -20.000000 0.000 VE000002 
20180217 060000 220.000000 -20.206871 0.000 VE000003 
20180217 060000 340.000000 -19.793443 0.000 VE000004 
20180217 060000 90.293443 -20.000000 0.000 VE000005 
20180217 070000 70.240983 -20.000000 0.000 VE000001 
20180217 070000 99.759017 -20.000000 0.000 VE000002 
20180217 070000 220.000000 -20.241352 0.000 VE000003 
20180217 070000 340.000000 -19.759017 0.000 VE000004 
20180217 070000 90.259017 -20.000000 0.000 VE000005 
20180217 080000 70.275409 -20.000000 0.000 VE000001 
20180217 080000 99.724591 -20.000000 0.000 VE000002 
20180217 080000 220.000000 -20.275861 0.000 VE000003 
20180217 080000 340.000000 -19.724618 0.000 VE000004 
20180217 080000 90.224591 -20.000000 0.000 VE000005 
20180217 090000 70.309835 -20.000000 0.000 VE000001 
20180217 090000 99.690165 -20.000000 0.000 VE000002 
20180217 090000 220.000000 -20.310397 0.000 VE000003 
20180217 090000 340.000000 -19.690246 0.000 VE000004 
20180217 090000 90.190165 -20.000000 0.000 VE000005 
20180217 100000 70.344261 -20.000000 0.000 VE000001 
20180217 100000 99.655739 -20.000000 0.000 VE000002 
20180217 100000 220.000000 -20.344934 0.000 VE000003 
20180217 100000 340.000000 -19.655874 0.000 VE000004 
20180217 100000 90.155739 -20.000000 0.000 VE000005 
20180217 110000 70.378687 -20.000000 0.000 VE000001 
20180217 110000 99.621313 -20.000000 0.000 VE000002 
20180217 110000 220.000000 -20.379470 0.000 VE000003 
20180217 110000 340.000000 -19.621501 0.000 VE000004 
20180217 110000 90.121313 -20.000000 0.000 VE000005 
20180217 120000 70.413113 -20.000000 0.000 VE000001 
20180217 120000 99.586887 -20.000000 0.000 VE000002 
20180217 120000 220.000000 -20.414006 0.000 VE000003 
20180217 120000 340.000000 -19.587129 0.000 VE000004 
20180217 120000 90.086887 -20.000000 0.000 VE000005 
20180217 130000 70.447540 -20.000000 0.000 VE000001 
20180217 130000 99.552460 -20.000000 0.000 VE000002 
20180217 130000 220.000000 -20.448543 0.000 VE000003 
20180217 130000 340.000000 -19.552757 0.000 VE000004 
20180217 130000 90.052460 -20.000000 0.000 VE000005 
20180217 140000 70.481966 -20.000000 0.000 VE000001 
20180217 140000 99.518034 -20.000000 0.000 VE000002 
20180217 140000 220.000000 -20.483079 0.000 VE000003 
20180217 140000 340.000000 -19.518385 0.000 VE000004 
20180217 140000 90.018034 -20.000000 0.000 VE000005 
20180217 150000 70.516392 -20.000000 0.000 VE000001 
20180217 150000 99.483608 -20.000000 0.000 VE000002 
20180217 150000 220.000000 -20.517644 0.000 VE000003 
20180217 150000 340.000000 -19.484026 0.000 VE000004 
20180217 150000 90.000821 -20.000000 0.000 VE000005 
20180217 160000 70.550818 -20.000000 0.000 VE000001 
20180217 160000 99.449182 -20.000000 0.000 VE000002 
20180217 160000 220.000000 -20.552236 0.000 VE000003 
20180217 160000 340.000000 -19.449707 0.000 VE000004 
20180217 160000 90.000821 -20.000000 0.000 VE000005 
20180217 170000 70.585244 -20.000000 0.000 VE000001 
20180217 170000 99.414756 -20.000000 0.000 VE000002 
20180217 170000 220.000000 -20.586829 0.000 VE000003 
20180217 170000 340.000000 -19.415387 0.000 VE000004 
20180217 170000 90.000821 -20.000000 0.000 VE000005 
20180217 180000 70.619670 -20.000000 0.000 VE000001 
20180217 180000 99.380330 -20.000000 0.000 VE000002 
20180217 180000 220.000000 -20.621422 0.000 VE000003 
20180217 180000 340.000000 -19.381068 0.000 VE000004 
20180217 180000 90.000821 -20.000000 0.000 VE000005 
20180217 190000 70.654096 -20.000000 0.000 VE000001 
20180217 190000 99.345904 -20.000000 0.000 VE000002 
20180217 190000 220.000000 -20.656015 0.000 VE000003 
20180217 190000 340.000000 -19.346749 0.000 VE000004 
20180217 190000 90.000821 -20.000000 0.000 VE000005 
20180217 200000 70.688522 -20.000000 0.000 VE000001 
20180217 200000 99.311478 -20.000000 0.000 VE000002 
20180217 200000 220.000000 -20.690607 0.000 VE000003 
20180217 200000 340.000000 -19.312430 0.000 VE000004 
20180217 200000 90.000821 -20.000000 0.000 VE000005 
20180217 210000 70.722948 -20.000000 0.000 VE000001 
20180217 210000 99.277052 -20.000000 0.000 VE000002 
20180217 210000 220.000000 -20.725200 0.000 VE000003 
20180217 210000 340.000000 -19.278111 0.000 VE000004 
20180217 210000 90.000821 -20.000000 0.000 VE000005 
20180217 220000 70.757375 -20.000000 0.000 VE000001 
20180217 220000 99.242625 -20.000000 0.000 VE000002 
20180217 220000 220.000000 -20.759807 0.000 VE000003 
20180217 220000 340.000000 -19.243792 0.000 VE000004 
20180217 220000 90.000821 -20.000000 0.000 VE000005 
20180217 230000 70.791801 -20.000000 0.000 VE000001 
20180217 230000 99.208199 -20.000000 0.000 VE000002 
20180217 230000 220.000000 -20.794457 0.000 VE000003 
20180217 230000 340.000000 -19.209525 0.000 VE000004 
20180217 230000 90.000821 -20.000000 0.000 VE000005 
20180218 000000 70.826227 -20.000000 0.000 VE000001 
20180218 000000 99.173773 -20.000000 0.000 VE000002 
20180218 000000 220.000000 -20.829107 0.000 VE000003 
20180218 000000 340.000000 -19.175258 0.000 VE000004 
20180218 000000 90.000821 -20.000000 0.000 VE000005 
20180218 010000 70.860653 -20.000000 0.000 VE000001 
20180218 010000 99.139347 -20.000000 0.000 VE000002 
20180218 010000 220.000000 -20.863757 0.000 VE000003 
20180218 010000 340.000000 -19.140991 0.000 VE000004 
20180218 010000 90.000821 -20.000000 0.000 VE000005 
20180218 020000 70.895079 -20.000000 0.000 VE000001 
20180218 020000 99.104921 -20.000000 0.000 VE000002 
20180218 020000 220.000000 -20.898407 0.000 VE000003 
20180218 020000 340.000000 -19.106724 0.000 VE000004 
20180218 020000 90.000821 -20.000000 0.000 VE000005 
20180218 030000 70.929505 -20.000000 0.000 VE000001 
20180218 030000 99.070495 -20.000000 0.000 VE000002 
20180218 030000 220.000000 -20.933057 0.000 VE000003 
20180218 030000 340.000000 -19.072457 0.000 VE000004 
20180218 030000 90.000821 -20.000000 0.000 VE000005 
20180218 040000 70.963931 -20.000000 0.000 VE000001 
20180218 040000 99.036069 -20.000000 0.000 VE000002 
20180218 040000 220.000000 -20.967707 0.000 VE000003 
20180218 040000 340.000000 -19.038190 0.000 VE000004 
20180218 040000 90.000821 -20.000000 0.000 VE000005 
20180218 050000 70.998357 -20.000000 0.000 VE000001 
20180218 050000 99.001643 -20.000000 0.000 VE000002 
20180218 050000 220.000000 -21.002357 0.000 VE000003 
20180218 050000 340.000000 -19.003923 0.000 VE000004 
20180218 050000 90.000821 -20.000000 0.000 VE000005 
20180218 060000 71.032783 -20.000000 0.000 VE000001 
20180218 060000 98.967217 -20.000000 0.000 VE000002 
20180218 060000 220.000000 -21.037065 0.000 VE000003 
20180218 060000 340.000000 -18.969695 0.000 VE000004 
20180218 060000 90.000821 -20.000000 0.000 VE000005 
20180218 070000 71.067210 -20.000000 0.000 VE000001 
20180218 070000 98.932790 -20.000000 0.000 VE000002 
20180218 070000 220.000000 -21.071774 0.000 VE000003 
20180218 070000 340.000000 -18.935479 0.000 VE000004 
20180218 070000 90.000821 -20.000000 0.000 VE000005 
20180218 080000 71.101636 -20.000000 0.000 VE000001 
20180218 080000 98.898364 -20.000000 0.000 VE000002 
20180218 080000 220.000000 -21.106482 0.000 VE000003 
20180218 080000 340.000000 -18.901264 0.000 VE000004 
20180218 080000 90.000821 -20.000000 0.000 VE000005 
20180218 090000 71.136062 -20.000000 0.000 VE000001 
20180218 090000 98.863938 -20.000000 0.000 VE000002 
20180218 090000 220.000000 -21.141190 0.000 VE000003 
20180218 090000 340.000000 -18.867049 0.000 VE000004 
20180218 090000 90.000821 -20.000000 0.000 VE000005 
20180218 100000 71.170488 -20.000000 0.000 VE000001 
20180218 100000 98.829512 -20.000000 0.000 VE000002 
20180218 100000 220.000000 -21.175898 0.000 VE000003 
20180218 100000 340.000000 -18.832833 0.000 VE000004 
20180218 100000 90.000821 -20.000000 0.000 VE000005 
20180218 110000 71.204914 -20.000000 0.000 VE000001 
20180218 110000 98.795086 -20.000000 0.000 VE000002 
20180218 110000 220.000000 -21.210606 0.000 VE000003 
20180218 110000 340.000000 -18.798618 0.000 VE000004 
20180218 110000 90.000821 -20.000000 0.000 VE000005 
20180218 120000 71.239340 -20.000000 0.000 VE000001 
20180218 120000 98.760660 -20.000000 0.000 VE000002 
20180218 120000 220.000000 -21.245314 0.000 VE000003 
20180218 120000 340.000000 -18.764402 0.000 VE000004 
20180218 120000 90.000821 -20.000000 0.000 VE000005 
20180218 130000 71.273766 -20.000000 0.000 VE000001 
20180218 130000 98.726234 -20.000000 0.000 VE000002 
20180218 130000 220.000000 -21.280066 0.000 VE000003 
20180218 130000 340.000000 -18.730212 0.000 VE000004 
20180218 130000 90.000821 -20.000000 0.000 VE000005 
20180218 140000 71.308192 -20.000000 0.000 VE000001 
20180218 140000 98.691808 -20.000000 0.000 VE000002 
20180218 140000 220.000000 -21.314833 0.000 VE000003 
20180218 140000 340.000000 -18.696047 0.000 VE000004 
20180218 140000 90.000821 -20.000000 0.000 VE000005 
20180218 150000 71.342619 -20.000000 0.000 VE000001 
20180218 150000 98.657381 -20.000000 0.000 VE000002 
20180218 150000 220.000000 -21.349600 0.000 VE000003 
20180218 150000 340.000000 -18.661882 0.000 VE000004 
20180218 150000 90.000821 -20.000000 0.000 VE000005 
20180218 160000 71.377045 -20.000000 0.000 VE000001 
20180218 160000 98.622955 -20.000000 0.000 VE000002 
20180218 160000 220.000000 -21.384367 0.000 VE000003 
20180218 160000 340.000000 -18.627718 0.000 VE000004 
20180218 160000 90.000821 -20.000000 0.000 VE000005 
20180218 170000 71.411471 -20.000000 0.000 VE000001 
20180218 170000 98.588529 -20.000000 0.000 VE000002 
20180218 170000 220.000000 -21.419134 0.000 VE000003 
20180218 170000 340.000000 -18.593553 0.000 VE000004 
20180218 170000 90.000821 -20.000000 0.000 VE000005 
20180218 180000 71.445897 -20.000000 0.000 VE000001 
20180218 180000 98.554103 -20.000000 0.000 VE000002 
20180218 180000 220.000000 -21.453901 0.000 VE000003 
20180218 180000 340.000000 -18.559388 0.000 VE000004 
20180218 180000 90.000821 -20.000000 0.000 VE000005 
20180218 190000 71.480323 -20.000000 0.000 VE000001 
20180218 190000 98.519677 -20.000000 0.000 VE000002 
20180218 190000 220.000000 -21.488668 0.000 VE000003 
20180218 190000 340.000000 -18.525223 0.000 VE000004 
20180218 190000 90.000821 -20.000000 0.000 VE000005 
20180218 200000 71.514749 -20.000000 0.000 VE000001 
20180218 200000 98.485251 -20.000000 0.000 VE000002 
20180218 200000 220.000000 -21.523465 0.000 VE000003 
20180218 200000 340.000000 -18.491071 0.000 VE000004 
20180218 200000 90.000821 -20.000000 0.000 VE000005 
20180218 210000 71.549175 -20.000000 0.000 VE000001 
20180218 210000 98.450825 -20.000000 0.000 VE000002 
20180218 210000 220.000000 -21.558292 0.000 VE000003 
20180218 210000 340.000000 -18.456956 0.000 VE000004 
20180218 210000 90.000821 -20.000000 0.000 VE000005 
20180218 220000 71.583601 -20.000000 0.000 VE000001 
20180218 220000 98.416399 -20.000000 0.000 VE000002 
20180218 220000 220.000000 -21.593119 0.000 VE000003 
20180218 220000 340.000000 -18.422841 0.000 VE000004 
20180218 220000 90.000821 -20.000000 0.000 VE000005 
20180218 230000 71.618027 -20.000000 0.000 VE000001 
20180218 230000 98.381973 -20.000000 0.000 VE000002 
20180218 230000 220.000000 -21.627946 0.000 VE000003 
20180218 230000 340.000000 -18.388726 0.000 VE000004 
20180218 230000 90.000821 -20.000000 0.000 VE000005 
20180219 000000 71.652454 -20.000000 0.000 VE000001 
20180219 000000 98.347546 -20.000000 0.000 VE000002 
20180219 000000 220.000000 -21.662773 0.000 VE000003 
20180219 000000 340.000000 -18.354611 0.000 VE000004 
20180219 000000 90.000821 -20.000000 0.000 VE000005 
20180219 010000 71.686880 -20.000000 0.000 VE000001 
20180219 010000 98.313120 -20.000000 0.000 VE000002 
20180219 010000 220.000000 -21.697600 0.000 VE000003 
20180219 010000 340.000000 -18.320496 0.000 VE000004 
20180219 010000 90.000821 -20.000000 0.000 VE000005 
20180219 020000 71.721306 -20.000000 0.000 VE000001 
20180219 020000 98.278694 -20.000000 0.000 VE000002 
20180219 020000 220.000000 -21.732426 0.000 VE000003 
20180219 020000 340.000000 -18.286381 0.000 VE000004 
20180219 020000 90.000821 -20.000000 0.000 VE000005 
20180219 030000 71.755732 -20.000000 0.000 VE000001 
20180219 030000 98.244268 -20.000000 0.000 VE000002 
20180219 030000 220.000000 -21.767268 0.000 VE000003 
20180219 030000 340.000000 -18.252266 0.000 VE000004 
20180219 030000 90.000821 -20.000000 0.000 VE000005 
20180219 040000 71.790158 -20.000000 0.000 VE000001 
20180219 040000 98.209842 -20.000000 0.000 VE000002 
20180219 040000 220.000000 -21.802156 0.000 VE000003 
20180219 040000 340.000000 -18.218188 0.000 VE000004 
20180219 040000 90.000821 -20.000000 0.000 VE000005 
20180219 050000 71.824584 -20.000000 0.000 VE000001 
20180219 050000 98.175416 -20.000000 0.000 VE000002 
20180219 050000 220.000000 -21.837043 0.000 VE000003 
20180219 050000 340.000000 -18.184122 0.000 VE000004 
20180219 050000 90.000821 -20.000000 0.000 VE000005 
20180219 060000 71.859010 -20.000000 0.000 VE000001 
20180219 060000 98.140990 -20.000000 0.000 VE000002 
20180219 060000 220.000000 -21.871931 0.000 VE000003 
20180219 060000 340.000000 -18.150056 0.000 VE000004 
20180219 060000 90.000821 -20.000000 0.000 VE000005 
20180219 070000 71.893436 -20.000000 0.000 VE000001 
20180219 070000 98.106564 -20.000000 0.000 VE000002 
20180219 070000 220.000000 -21.906818 0.000 VE000003 
20180219 070000 340.000000 -18.115990 0.000 VE000004 
20180219 070000 90.000821 -20.000000 0.000 VE000005 
20180219 080000 71.927862 -20.000000 0.000 VE000001 
20180219 080000 98.072138 -20.000000 0.000 VE000002 
20180219 080000 220.000000 -21.941706 0.000 VE000003 
20180219 080000 340.000000 -18.081924 0.000 VE000004 
20180219 080000 90.000821 -20.000000 0.000 VE000005 
20180219 090000 71.962289 -20.000000 0.000 VE000001 
20180219 090000 98.037711 -20.000000 0.000 VE000002 
20180219 090000 220.000000 -21.976593 0.000 VE000003 
20180219 090000 340.000000 -18.047858 0.000 VE000004 
20180219 090000 90.000821 -20.000000 0.000 VE000005 
20180219 100000 71.996715 -20.000000 0.000 VE000001 
20180219 100000 98.003285 -20.000000 0.000 VE000002 
20180219 100000 220.000000 -22.011496 0.000 VE000003 
20180219 100000 340.000000 -18.013792 0.000 VE000004 
20180219 100000 90.000821 -20.000000 0.000 VE000005 
20180219 110000 72.031141 -20.000000 0.000 VE000001 
20180219 110000 97.968859 -20.000000 0.000 VE000002 
20180219 110000 220.000000 -22.046445 0.000 VE000003 
20180219 110000 340.000000 -17.979750 0.000 VE000004 
20180219 110000 90.000821 -20.000000 0.000 VE000005 
20180219 120000 72.065567 -20.000000 0.000 VE000001 
20180219 120000 97.934433 -20.000000 0.000 VE000002 
20180219 120000 220.000000 -22.081395 0.000 VE000003 
20180219 120000 340.000000 -17.945733 0.000 VE000004 
20180219 120000 90.000821 -20.000000 0.000 VE000005 
20180219 130000 72.099993 -20.000000 0.000 VE000001 
20180219 130000 97.900007 -20.000000 0.000 VE000002 
20180219 130000 220.000000 -22.116344 0.000 VE000003 
20180219 130000 340.000000 -17.911715 0.000 VE000004 
20180219 130000 90.000821 -20.000000 0.000 VE000005 
20180219 140000 72.134419 -20.000000 0.000 VE000001 
20180219 140000 97.865581 -20.000000 0.000 VE000002 
20180219 140000 220.000000 -22.151293 0.000 VE000003 
20180219 140000 340.000000 -17.877697 0.000 VE000004 
20180219 140000 90.000821 -20.000000 0.000 VE000005 
20180219 150000 72.168845 -20.000000 0.000 VE000001 
20180219 150000 97.831155 -20.000000 0.000 VE000002 
20180219 150000 220.000000 -22.186242 0.000 VE000003 
20180219 150000 340.000000 -17.843680 0.000 VE000004 
20180219 150000 90.000821 -20.000000 0.000 VE000005 
20180219 160000 72.203271 -20.000000 0.000 VE000001 
20180219 160000 97.796729 -20.000000 0.000 VE000002 
20180219 160000 220.000000 -22.221191 0.000 VE000003 
20180219 160000 340.000000 -17.809662 0.000 VE000004 
20180219 160000 90.000821 -20.000000 0.000 VE000005 
20180219 170000 72.237698 -20.000000 0.000 VE000001 
20180219 170000 97.762302 -20.000000 0.000 VE000002 
20180219 170000 220.000000 -22.256140 0.000 VE000003 
20180219 170000 340.000000 -17.775644 0.000 VE000004 
20180219 170000 90.000821 -20.000000 0.000 VE000005 
20180219 180000 72.272124 -20.000000 0.000 VE000001 
20180219 180000 97.727876 -20.000000 0.000 VE000002 
20180219 180000 220.000000 -22.291151 0.000 VE000003 
20180219 180000 340.000000 -17.741627 0.000 VE000004 
20180219 180000 90.000821 -20.000000 0.000 VE000005 
20180219 190000 72.306550 -20.000000 0.000 VE000001 
20180219 190000 97.693450 -20.000000 0.000 VE000002 
20180219 190000 220.000000 -22.326163 0.000 VE000003 
20180219 190000 340.000000 -17.707657 0.000 VE000004 
20180219 190000 90.000821 -20.000000 0.000 VE000005 
20180219 200000 72.340976 -20.000000 0.000 VE000001 
20180219 200000 97.659024 -20.000000 0.000 VE000002 
20180219 200000 220.000000 -22.361174 0.000 VE000003 
20180219 200000 340.000000 -17.673686 0.000 VE000004 
20180219 200000 90.000821 -20.000000 0.000 VE000005 
20180219 210000 72.375402 -20.000000 0.000 VE000001 
20180219 210000 97.624598 -20.000000 0.000 VE000002 
20180219 210000 220.000000 -22.396186 0.000 VE000003 
20180219 210000 340.000000 -17.639716 0.000 VE000004 
20180219 210000 90.000821 -20.000000 0.000 VE000005 
20180219 220000 72.409828 -20.000000 0.000 VE000001 
20180219 220000 97.590172 -20.000000 0.000 VE000002 
20180219 220000 220.000000 -22.431197 0.000 VE000003 
20180219 220000 340.000000 -17.605746 0.000 VE000004 
20180219 220000 90.000821 -20.000000 0.000 VE000005 
20180219 230000 72.444254 -20.000000 0.000 VE000001 
20180219 230000 97.555746 -20.000000 0.000 VE000002 
20180219 230000 220.000000 -22.466209 0.000 VE000003 
20180219 230000 340.000000 -17.571776 0.000 VE000004 
20180219 230000 90.000821 -20.000000 0.000 VE000005 
20180220 000000 72.478680 -20.000000 0.000 VE000001 
20180220 000000 97.521320 -20.000000 0.000 VE000002 
20180220 000000 220.000000 -22.501221 0.000 VE000003 
20180220 000000 340.000000 -17.537806 0.000 VE000004 
20180220 000000 90.000821 -20.000000 0.000 VE000005 
20180220 010000 72.487287 -20.025847 2.700 VE000001 
20180220 010000 97.512713 -19.974180 2.700 VE000002 
20180220 010000 220.026306 -22.509989 0.900 VE000003 
20180220 010000 339.974522 -17.529313 0.000 VE000004 
20180220 010000 89.992215 -20.025847 0.000 VE000005 
20180220 020000 72.487287 -20.060328 6.300 VE000001 
20180220 020000 97.512713 -19.939754 6.300 VE000002 
20180220 020000 220.061381 -22.509989 4.500 VE000003 
20180220 020000 339.940552 -17.529313 0.000 VE000004 
20180220 020000 89.992215 -20.060328 0.000 VE000005 
20180220 030000 72.487287 -20.094809 9.900 VE000001 
20180220 030000 97.512713 -19.905328 9.900 VE000002 
20180220 030000 220.096456 -22.509989 8.100 VE000003 
20180220 030000 339.906582 -17.529313 0.000 VE000004 
20180220 030000 89.992215 -20.094809 0.000 VE000005 
20180220 040000 72.487287 -20.129289 13.500 VE000001 
20180220 040000 97.512713 -19.870902 13.500 VE000002 
20180220 040000 220.131531 -22.509989 11.700 VE000003 
20180220 040000 339.872612 -17.529313 0.000 VE000004 
20180220 040000 89.992215 -20.129289 0.000 VE000005 
20180220 050000 72.487287 -20.163770 17.100 VE000001 
20180220 050000 97.512713 -19.836476 17.100 VE000002 
20180220 050000 220.166606 -22.509989 15.300 VE000003 
20180220 050000 339.838642 -17.529313 0.000 VE000004 
20180220 050000 89.992215 -20.163770 0.000 VE000005 
20180220 060000 72.487287 -20.198251 20.700 VE000001 
20180220 060000 97.512713 -19.802050 20.700 VE000002 
20180220 060000 220.201680 -22.509989 18.900 VE000003 
20180220 060000 339.804671 -17.529313 0.000 VE000004 
20180220 060000 89.992215 -20.198251 0.000 VE000005 
20180220 070000 72.487287 -20.232732 24.300 VE000001 
20180220 070000 97.512713 -19.767624 24.300 VE000002 
20180220 070000 220.236755 -22.509989 22.500 VE000003 
20180220 070000 339.770701 -17.529313 0.000 VE000004 
20180220 070000 89.992215 -20.232732 0.000 VE000005 
20180220 080000 72.487287 -20.267227 27.900 VE000001 
20180220 080000 97.512713 -19.733211 27.900 VE000002 
20180220 080000 220.271830 -22.509989 26.100 VE000003 
20180220 080000 339.736731 -17.529313 0.000 VE000004 
20180220 080000 89.992215 -20.267227 0.000 VE000005 
20180220 090000 72.487287 -20.301763 31.500 VE000001 
20180220 090000 97.512713 -19.698839 31.500 VE000002 
20180220 090000 220.306905 -22.509989 29.700 VE000003 
20180220 090000 339.702761 -17.529313 0.000 VE000004 
20180220 090000 89.992215 -20.301763 0.000 VE000005 
20180220 100000 72.487287 -20.336299 35.100 VE000001 
20180220 100000 97.512713 -19.664467 35.100 VE000002 
20180220 100000 220.341980 -22.509989 33.300 VE000003 
20180220 100000 339.668791 -17.529313 0.000 VE000004 
20180220 100000 89.992215 -20.336299 0.000 VE000005 
20180220 110000 72.487287 -20.370836 38.700 VE000001 
20180220 110000 97.512713 -19.630094 38.700 VE000002 
20180220 110000 220.377055 -22.509989 36.900 VE000003 
20180220 110000 339.634821 -17.529313 0.000 VE000004 
20180220 110000 89.992215 -20.370836 0.000 VE000005 
20180220 120000 72.487287 -20.405372 42.300 VE000001 
20180220 120000 97.512713 -19.595722 42.300 VE000002 
20180220 120000 220.412130 -22.509989 40.500 VE000003 
20180220 120000 339.600850 -17.529313 0.000 VE000004 
20180220 120000 89.992215 -20.405372 0.000 VE000005 
20180220 130000 72.487287 -20.439909 45.900 VE000001 
20180220 130000 97.512713 -19.561350 45.900 VE000002 
20180220 130000 220.447204 -22.509989 44.100 VE000003 
20180220 130000 339.566880 -17.529313 0.000 VE000004 
20180220 130000 89.992215 -20.439909 0.000 VE000005 
20180220 140000 72.487287 -20.474445 49.500 VE000001 
20180220 140000 97.512713 -19.526978 49.500 VE000002 
20180220 140000 220.482279 -22.509989 47.700 VE000003 
20180220 140000 339.532910 -17.529313 0.000 VE000004 
20180220 140000 89.992215 -20.474445 0.000 VE000005 
20180220 150000 72.487287 -20.508995 53.100 VE000001 
20180220 150000 97.512713 -19.492605 53.100 VE000002 
20180220 150000 220.517354 -22.509989 51.300 VE000003 
20180220 150000 339.498940 -17.529313 0.000 VE000004 
20180220 150000 89.992215 -20.508995 0.000 VE000005 
20180220 160000 72.487287 -20.543588 56.700 VE000001 
20180220 160000 97.512713 -19.458286 56.700 VE000002 
20180220 160000 220.552429 -22.509989 54.900 VE000003 
20180220 160000 339.464970 -17.529313 0.000 VE000004 
20180220 160000 89.992215 -20.543588 0.000 VE000005 
20180220 170000 72.487287 -20.578181 60.300 VE000001 
20180220 170000 97.512713 -19.423967 60.300 VE000002 
20180220 170000 220.587504 -22.509989 58.500 VE000003 
20180220 170000 339.430999 -17.529313 0.000 VE000004 
20180220 170000 89.992215 -20.578181 0.000 VE000005 
20180220 180000 72.487287 -20.612774 63.900 VE000001 
20180220 180000 97.512713 -19.389648 63.900 VE000002 
20180220 180000 220.622579 -22.509989 62.100 VE000003 
20180220 180000 339.397029 -17.529313 0.000 VE000004 
20180220 180000 89.992215 -20.612774 0.000 VE000005 
20180220 190000 72.487287 -20.647367 67.500 VE000001 
20180220 190000 97.512713 -19.355329 67.500 VE000002 
20180220 190000 220.657653 -22.509989 65.700 VE000003 
20180220 190000 339.363059 -17.529313 0.000 VE000004 
20180220 190000 89.992215 -20.647367 0.000 VE000005 
20180220 200000 72.487287 -20.681959 71.100 VE000001 
20180220 200000 97.512713 -19.321010 71.100 VE000002 
20180220 200000 220.692728 -22.509989 69.300 VE000003 
20180220 200000 339.329089 -17.529313 0.000 VE000004 
20180220 200000 89.992215 -20.681959 0.000 VE000005 
20180220 210000 72.487287 -20.716552 74.700 VE000001 
20180220 210000 97.512713 -19.286691 74.700 VE000002 
20180220 210000 220.727803 -22.509989 72.900 VE000003 
20180220 210000 339.295119 -17.529313 0.000 VE000004 
20180220 210000 89.992215 -20.716552 0.000 VE000005 
20180220 220000 72.487287 -20.751145 78.300 VE000001 
20180220 220000 97.512713 -19.252371 78.300 VE000002 
20180220 220000 220.762878 -22.509989 76.500 VE000003 
20180220 220000 339.261148 -17.529313 0.000 VE000004 
20180220 220000 89.992215 -20.751145 0.000 VE000005 
20180220 230000 72.487287 -20.785795 81.900 VE000001 
20180220 230000 97.512713 -19.218091 81.900 VE000002 
20180220 230000 220.797953 -22.509989 80.100 VE000003 
20180220 230000 339.227178 -17.529313 0.000 VE000004 
20180220 230000 89.992215 -20.785795 0.000 VE000005 
20180221 000000 72.487287 -20.820445 85.500 VE000001 
20180221 000000 97.512713 -19.183825 85.500 VE000002 
20180221 000000 220.833028 -22.509989 83.700 VE000003 
20180221 000000 339.193208 -17.529313 0.000 VE000004 
20180221 000000 89.992215 -20.820445 0.000 VE000005 
20180221 010000 72.487287 -20.855095 89.100 VE000001 
20180221 010000 97.512713 -19.149558 89.100 VE000002 
20180221 010000 220.868103 -22.509989 87.300 VE000003 
20180221 010000 339.159238 -17.529313 0.000 VE000004 
20180221 010000 89.992215 -20.855095 0.000 VE000005 
20180221 020000 72.487287 -20.889745 92.700 VE000001 
20180221 020000 97.512713 -19.115291 92.700 VE000002 
20180221 020000 220.903177 -22.509989 90.900 VE000003 
20180221 020000 339.125268 -17.529313 0.000 VE000004 
20180221 020000 89.992215 -20.889745 0.000 VE000005 
20180221 030000 72.487287 -20.924395 96.300 VE000001 
20180221 030000 97.512713 -19.081024 96.300 VE000002 
20180221 030000 220.938252 -22.509989 94.500 VE000003 
20180221 030000 339.091298 -17.529313 0.000 VE000004 
20180221 030000 89.992215 -20.924395 0.000 VE000005 
20180221 040000 72.487287 -20.959045 99.900 VE000001 
20180221 040000 97.512713 -19.046757 99.900 VE000002 
20180221 040000 220.973327 -22.509989 98.100 VE000003 
20180221 040000 339.057327 -17.529313 0.000 VE000004 
20180221 040000 89.992215 -20.959045 0.000 VE000005 
20180221 050000 72.487287 -20.993695 2803.500 VE000001 
20180221 050000 97.512713 -19.012490 2803.500 VE000002 
20180221 050000 221.008402 -22.509989 1001.700 VE000003 
20180221 050000 339.023357 -17.529313 0.000 VE000004 
20180221 050000 89.992215 -20.993695 0.000 VE000005 
20180221 060000 72.487287 -21.028388 6128.700 VE000001 
20180221 060000 97.512713 -18.978249 6128.700 VE000002 
20180221 060000 221.043477 -22.509989 4605.300 VE000003 
20180221 060000 338.989387 -17.529313 0.000 VE000004 
20180221 060000 89.992215 -21.028388 0.000 VE000005 
20180221 070000 72.487287 -21.063096 6128.700 VE000001 
20180221 070000 97.512713 -18.944033 6128.700 VE000002 
20180221 070000 221.078552 -22.509989 6128.700 VE000003 
20180221 070000 338.955417 -17.529313 0.000 VE000004 
20180221 070000 89.992215 -21.063096 0.000 VE000005 
20180221 080000 72.487287 -21.097805 6128.700 VE000001 
20180221 080000 97.512713 -18.909818 6128.700 VE000002 
20180221 080000 221.113627 -22.509989 6128.700 VE000003 
20180221 080000 338.921447 -17.529313 0.000 VE000004 
20180221 080000 89.992215 -21.097805 0.000 VE000005 
20180221 090000 72.487287 -21.132513 6128.700 VE000001 
20180221 090000 97.512713 -18.875602 6128.700 VE000002 
20180221 090000 221.148701 -22.509989 6128.700 VE000003 
20180221 090000 338.887476 -17.529313 0.000 VE000004 
20180221 090000 89.992215 -21.132513 0.000 VE000005 
20180221 100000 72.487287 -21.167221 6128.700 VE000001 
20180221 100000 97.512713 -18.841387 6128.700 VE000002 
20180221 100000 221.183776 -22.509989 6128.700 VE000003 
20180221 100000 338.853506 -17.529313 0.000 VE000004 
20180221 100000 89.992215 -21.167221 0.000 VE000005 
20180221 110000 72.487287 -21.201929 6128.700 VE000001 
20180221 110000 97.512713 -18.807172 6128.700 VE000002 
20180221 110000 221.218851 -22.509989 6128.700 VE000003 
20180221 110000 338.819536 -17.529313 0.000 VE000004 
20180221 110000 89.992215 -21.201929 0.000 VE000005 
20180221 120000 72.487287 -21.236637 6128.700 VE000001 
20180221 120000 97.512713 -18.772956 6128.700 VE000002 
20180221 120000 221.253926 -22.509989 6128.700 VE000003 
20180221 120000 338.785566 -17.529313 0.000 VE000004 
20180221 120000 89.992215 -21.236637 0.000 VE000005 
20180221 130000 72.487287 -21.271374 6128.700 VE000001 
20180221 130000 97.512713 -18.738753 6128.700 VE000002 
20180221 130000 221.289001 -22.509989 6128.700 VE000003 
20180221 130000 338.751596 -17.529313 0.000 VE000004 
20180221 130000 89.992215 -21.271374 0.000 VE000005 
20180221 140000 72.487287 -21.306142 6128.700 VE000001 
20180221 140000 97.512713 -18.704588 6128.700 VE000002 
20180221 140000 221.324076 -22.509989 6128.700 VE000003 
20180221 140000 338.717626 -17.529313 0.000 VE000004 
20180221 140000 89.992215 -21.306142 0.000 VE000005 
20180221 150000 72.487287 -21.340909 6128.700 VE000001 
20180221 150000 97.512713 -18.670424 6128.700 VE000002 
20180221 150000 221.359151 -22.509989 6128.700 VE000003 
20180221 150000 338.683655 -17.529313 0.000 VE000004 
20180221 150000 89.992215 -21.340909 0.000 VE000005 
20180221 160000 72.487287 -21.375676 6128.700 VE000001 
20180221 160000 97.512713 -18.636259 6128.700 VE000002 
20180221 160000 221.394225 -22.509989 6128.700 VE000003 
20180221 160000 338.649685 -17.529313 0.000 VE000004 
20180221 160000 89.992215 -21.375676 0.000 VE000005 
20180221 170000 72.487287 -21.410443 6128.700 VE000001 
20180221 170000 97.512713 -18.602094 6128.700 VE000002 
20180221 170000 221.429300 -22.509989 6128.700 VE000003 
20180221 170000 338.615715 -17.529313 0.000 VE000004 
20180221 170000 89.992215 -21.410443 0.000 VE000005 
20180221 180000 72.487287 -21.445210 6128.700 VE000001 
20180221 180000 97.512713 -18.567929 6128.700 VE000002 
20180221 180000 221.464375 -22.509989 6128.700 VE000003 
20180221 180000 338.581745 -17.529313 0.000 VE000004 
20180221 180000 89.992215 -21.445210 0.000 VE000005 
20180221 190000 72.487287 -21.479977 6128.700 VE000001 
20180221 190000 97.512713 -18.533764 6128.700 VE000002 
20180221 190000 221.499450 -22.509989 6128.700 VE000003 
20180221 190000 338.547775 -17.529313 0.000 VE000004 
20180221 190000 89.992215 -21.479977 0.000 VE000005 
20180221 200000 72.487287 -21.514759 6128.700 VE000001 
20180221 200000 97.512713 -18.499600 6128.700 VE000002 
20180221 200000 221.534525 -22.509989 6128.700 VE000003 
20180221 200000 338.513804 -17.529313 0.000 VE000004 
20180221 200000 89.992215 -21.514759 0.000 VE000005 
20180221 210000 72.487287 -21.549585 6128.700 VE000001 
20180221 210000 97.512713 -18.465485 6128.700 VE000002 
20180221 210000 221.569600 -22.509989 6128.700 VE000003 
20180221 210000 338.479834 -17.529313 0.000 VE000004 
20180221 210000 89.992215 -21.549585 0.000 VE000005 
20180221 220000 72.487287 -21.584412 6128.700 VE000001 
20180221 220000 97.512713 -18.431370 6128.700 VE000002 
20180221 220000 221.604675 -22.509989 6128.700 VE000003 
20180221 220000 338.445864 -17.529313 0.000 VE000004 
20180221 220000 89.992215 -21.584412 0.000 VE000005 
20180221 230000 72.487287 -21.619239 6128.700 VE000001 
20180221 230000 97.512713 -18.397255 6128.700 VE000002 
20180221 230000 221.639749 -22.509989 6128.700 VE000003 
20180221 230000 338.411894 -17.529313 0.000 VE000004 
20180221 230000 89.992215 -21.619239 0.000 VE000005 
